2.0
7.351351351351352
12.702702702702704
18.054054054054056
23.405405405405407
28.756756756756758
34.10810810810811
39.45945945945946
44.810810810810814
50.16216216216217
55.513513513513516
60.86486486486487
66.21621621621622
71.56756756756758
76.91891891891892
82.27027027027027
87.62162162162163
92.97297297297298
98.32432432432434
103.67567567567568
109.02702702702703
114.37837837837839
119.72972972972974
125.0810810810811
130.43243243243245
135.7837837837838
141.13513513513516
146.48648648648648
151.83783783783784
157.1891891891892
162.54054054054055
167.8918918918919
173.24324324324326
178.5945945945946
183.94594594594597
189.29729729729732
194.64864864864867
200.0
208.33333333333334
216.66666666666666
225.0
233.33333333333334
241.66666666666669
250.0
258.3333333333333
266.6666666666667
275.0
283.33333333333337
291.6666666666667
300.0
