2.0
2.2640000000000002
2.528
2.792
3.056
3.3200000000000003
3.584
3.848
4.112
4.376
4.640000000000001
4.904
5.168
5.432
5.696
5.96
6.224
6.488
6.752000000000001
7.016
7.28
7.5440000000000005
7.808
8.072
8.336
8.600000000000001
8.864
9.128
9.392
9.656
9.92
10.184000000000001
10.448
10.712
10.976
11.24
11.504000000000001
11.768
12.032
12.296000000000001
12.56
12.824
13.088000000000001
13.352
13.616
13.88
14.144
14.408000000000001
14.672
14.936
15.200000000000001
15.464
15.728000000000002
15.992
16.256
16.520000000000003
16.784
17.048000000000002
17.312
17.576
17.84
18.104
18.368000000000002
18.632
18.896
19.16
19.424
19.688000000000002
19.952
20.216
20.48
20.744
21.008000000000003
21.272000000000002
21.536
21.8
22.064
22.328
22.592000000000002
22.856
23.12
23.384
23.648
23.912000000000003
24.176000000000002
24.44
24.704
24.968
25.232
25.496000000000002
25.76
26.024
26.288
26.552
26.816000000000003
27.080000000000002
27.344
27.608
27.872
28.136000000000003
28.400000000000002
28.664
28.928
29.192
29.456000000000003
29.720000000000002
29.984
30.248
30.512
30.776
31.040000000000003
31.304000000000002
31.568
31.832
32.096000000000004
32.36
32.624
32.888000000000005
33.152
33.416
33.68
33.944
34.208
34.472
34.736000000000004
35.0
35.264
35.528
35.792
36.056000000000004
36.32
36.584
36.848
37.112
37.376000000000005
37.64
37.904
38.168
38.432
38.696000000000005
38.96
39.224000000000004
39.488
39.752
40.016000000000005
40.28
40.544000000000004
40.808
41.072
41.336
41.6
41.864000000000004
42.128
42.392
42.656
42.92
43.184000000000005
43.448
43.712
43.976
44.24
44.504000000000005
44.768
45.032000000000004
45.296
45.56
45.824000000000005
46.088
46.352000000000004
46.616
46.88
47.144000000000005
47.408
47.672000000000004
47.936
48.2
48.464
48.728
48.992000000000004
49.256
49.52
49.784
50.048
50.312000000000005
50.576
50.84
51.104
51.368
51.632000000000005
51.896
52.160000000000004
52.424
52.688
52.952000000000005
53.216
53.480000000000004
53.744
54.008
54.272000000000006
54.536
54.800000000000004
55.064
55.328
55.592000000000006
55.856
56.120000000000005
56.384
56.648
56.912000000000006
57.176
57.440000000000005
57.704
57.968
58.232
58.496
58.760000000000005
59.024
59.288000000000004
59.552
59.816
60.080000000000005
60.344
60.608000000000004
60.872
61.136
61.400000000000006
61.664
61.928000000000004
62.192
62.456
62.720000000000006
62.984
63.248000000000005
63.512
63.776
64.04
64.304
64.56800000000001
64.832
65.096
65.36
65.624
65.888
66.152
66.416
66.68
66.944
67.208
67.47200000000001
67.736
68.0
68.26400000000001
68.528
68.792
69.056
69.32000000000001
69.584
69.848
70.11200000000001
70.376
70.64
70.904
71.168
71.432
71.696
71.96000000000001
72.224
72.488
72.75200000000001
73.016
73.28
73.544
73.808
74.072
74.336
74.60000000000001
74.864
75.128
75.39200000000001
75.656
75.92
76.184
76.44800000000001
76.712
76.976
77.24000000000001
77.504
77.768
78.03200000000001
78.296
78.56
78.824
79.08800000000001
79.352
79.616
79.88000000000001
80.144
80.408
80.672
80.936
81.2
81.464
81.72800000000001
81.992
82.256
82.52000000000001
82.784
83.048
83.312
83.57600000000001
83.84
84.104
84.36800000000001
84.632
84.896
85.16000000000001
85.424
85.688
85.952
86.21600000000001
86.48
86.744
87.00800000000001
87.272
87.536
87.8
88.06400000000001
88.328
88.592
88.85600000000001
89.12
89.384
89.64800000000001
89.912
90.176
90.44
90.70400000000001
90.968
91.232
91.49600000000001
91.76
92.024
92.28800000000001
92.552
92.816
93.08
93.34400000000001
93.608
93.872
94.13600000000001
94.4
94.664
94.928
95.19200000000001
95.456
95.72
95.98400000000001
96.248
96.512
96.77600000000001
97.04
97.304
97.568
97.83200000000001
98.096
98.36
98.62400000000001
98.888
99.152
99.41600000000001
99.68
99.944
100.208
100.47200000000001
100.736
101.0
101.26400000000001
101.528
101.792
102.05600000000001
102.32000000000001
102.584
102.848
103.11200000000001
103.376
103.64
103.90400000000001
104.168
104.432
104.696
104.96000000000001
105.224
105.488
105.75200000000001
106.016
106.28
106.54400000000001
106.808
107.072
107.336
107.60000000000001
107.864
108.128
108.39200000000001
108.656
108.92
109.18400000000001
109.44800000000001
109.712
109.976
110.24000000000001
110.504
110.768
111.03200000000001
111.296
111.56
111.82400000000001
112.08800000000001
112.352
112.616
112.88000000000001
113.144
113.408
113.67200000000001
113.936
114.2
114.464
114.72800000000001
114.992
115.256
115.52000000000001
115.784
116.048
116.31200000000001
116.57600000000001
116.84
117.104
117.36800000000001
117.632
117.896
118.16000000000001
118.424
118.688
118.95200000000001
119.21600000000001
119.48
119.744
120.00800000000001
120.272
120.536
120.80000000000001
121.06400000000001
121.328
121.592
121.85600000000001
122.12
122.384
122.64800000000001
122.912
123.176
123.44000000000001
123.70400000000001
123.968
124.232
124.49600000000001
124.76
125.024
125.28800000000001
125.552
125.816
126.08000000000001
126.34400000000001
126.608
126.872
127.13600000000001
127.4
127.664
127.92800000000001
128.192
128.45600000000002
128.72
128.984
129.248
129.512
129.776
130.04
130.304
130.568
130.832
131.096
131.36
131.624
131.888
132.15200000000002
132.416
132.68
132.94400000000002
133.208
133.472
133.73600000000002
134.0
134.264
134.52800000000002
134.792
135.056
135.32
135.584
135.848
136.112
136.376
136.64000000000001
136.904
137.168
137.43200000000002
137.696
137.96
138.22400000000002
138.488
138.752
139.01600000000002
139.28
139.544
139.808
140.072
140.336
140.6
140.864
141.12800000000001
141.392
141.656
141.92000000000002
142.184
142.448
142.71200000000002
142.976
143.24
143.50400000000002
143.768
144.032
144.29600000000002
144.56
144.824
145.088
145.352
145.616
145.88
146.144
146.40800000000002
146.672
146.936
147.20000000000002
147.464
147.728
147.99200000000002
148.256
148.52
148.78400000000002
149.048
149.312
149.576
149.84
150.104
150.368
150.632
150.89600000000002
151.16
151.424
151.68800000000002
151.952
152.216
152.48000000000002
152.744
153.008
153.27200000000002
153.536
153.8
154.06400000000002
154.328
154.592
154.856
155.12
155.38400000000001
155.648
155.912
156.17600000000002
156.44
156.704
156.96800000000002
157.232
157.496
157.76000000000002
158.024
158.288
158.55200000000002
158.816
159.08
159.344
159.608
159.872
160.136
160.4
160.66400000000002
160.928
161.192
161.45600000000002
161.72
161.984
162.24800000000002
162.512
162.776
163.04000000000002
163.304
163.568
163.832
164.096
164.36
164.624
164.888
165.15200000000002
165.416
165.68
165.94400000000002
166.208
166.472
166.73600000000002
167.0
167.264
167.52800000000002
167.792
168.056
168.32000000000002
168.584
168.848
169.112
169.376
169.64000000000001
169.904
170.168
170.43200000000002
170.696
170.96
171.22400000000002
171.488
171.752
172.01600000000002
172.28
172.544
172.80800000000002
173.072
173.336
173.6
173.864
174.12800000000001
174.392
174.656
174.92000000000002
175.184
175.448
175.71200000000002
175.976
176.24
176.50400000000002
176.768
177.032
177.29600000000002
177.56
177.824
178.08800000000002
178.352
178.616
178.88
179.144
179.40800000000002
179.672
179.936
180.20000000000002
180.464
180.728
180.99200000000002
181.256
181.52
181.78400000000002
182.048
182.312
182.57600000000002
182.84
183.104
183.368
183.632
183.89600000000002
184.16
184.424
184.68800000000002
184.952
185.216
185.48000000000002
185.744
186.008
186.27200000000002
186.536
186.8
187.06400000000002
187.328
187.592
187.856
188.12
188.38400000000001
188.648
188.912
189.17600000000002
189.44
189.704
189.96800000000002
190.232
190.496
190.76000000000002
191.024
191.288
191.55200000000002
191.816
192.08
192.34400000000002
192.608
192.872
193.136
193.4
193.66400000000002
193.928
194.192
194.45600000000002
194.72
194.984
195.24800000000002
195.512
195.776
196.04000000000002
196.304
196.568
196.83200000000002
197.096
197.36
197.624
197.888
198.15200000000002
198.416
198.68
198.94400000000002
199.208
199.472
199.73600000000002
200.0
200.40160642570282
200.80321285140562
201.20481927710844
201.60642570281124
202.00803212851406
202.40963855421685
202.81124497991968
203.2128514056225
203.6144578313253
204.01606425702812
204.41767068273091
204.81927710843374
205.22088353413653
205.62248995983936
206.02409638554218
206.42570281124497
206.8273092369478
207.2289156626506
207.63052208835342
208.03212851405624
208.43373493975903
208.83534136546186
209.23694779116465
209.63855421686748
210.04016064257027
210.4417670682731
210.8433734939759
211.2449799196787
211.64658634538154
212.04819277108433
212.44979919678715
212.85140562248995
213.25301204819277
213.6546184738956
214.0562248995984
214.4578313253012
214.859437751004
215.26104417670683
215.66265060240963
216.06425702811245
216.46586345381525
216.86746987951807
217.2690763052209
217.6706827309237
218.0722891566265
218.4738955823293
218.87550200803213
219.27710843373495
219.67871485943775
220.08032128514057
220.48192771084337
220.8835341365462
221.28514056224898
221.6867469879518
222.08835341365463
222.48995983935743
222.89156626506025
223.29317269076304
223.69477911646587
224.09638554216866
224.49799196787149
224.8995983935743
225.3012048192771
225.70281124497993
226.10441767068272
226.50602409638554
226.90763052208837
227.30923694779116
227.710843373494
228.11244979919678
228.5140562248996
228.9156626506024
229.31726907630522
229.71887550200802
230.12048192771084
230.52208835341366
230.92369477911646
231.32530120481928
231.72690763052208
232.1285140562249
232.53012048192772
232.93172690763052
233.33333333333334
233.73493975903614
234.13654618473896
234.53815261044178
234.93975903614458
235.34136546184737
235.7429718875502
236.14457831325302
236.54618473895582
236.94779116465864
237.34939759036143
237.75100401606426
238.15261044176708
238.55421686746988
238.9558232931727
239.3574297188755
239.75903614457832
240.16064257028114
240.56224899598394
240.96385542168673
241.36546184738955
241.76706827309238
242.16867469879517
242.570281124498
242.9718875502008
243.3734939759036
243.77510040160644
244.17670682730923
244.57831325301206
244.97991967871485
245.38152610441767
245.7831325301205
246.1847389558233
246.5863453815261
246.9879518072289
247.38955823293173
247.79116465863453
248.19277108433735
248.59437751004015
248.99598393574297
249.3975903614458
249.7991967871486
250.2008032128514
250.6024096385542
251.00401606425703
251.40562248995985
251.80722891566265
252.20883534136547
252.61044176706827
253.0120481927711
253.41365461847388
253.8152610441767
254.2168674698795
254.61847389558233
255.02008032128515
255.42168674698794
255.82329317269077
256.22489959839356
256.6265060240964
257.0281124497992
257.429718875502
257.8313253012048
258.2329317269076
258.63453815261045
259.03614457831327
259.43775100401604
259.83935742971886
260.2409638554217
260.6425702811245
261.04417670682733
261.4457831325301
261.8473895582329
262.24899598393574
262.65060240963857
263.0522088353414
263.45381526104416
263.855421686747
264.2570281124498
264.6586345381526
265.06024096385545
265.4618473895582
265.86345381526104
266.26506024096386
266.6666666666667
267.0682730923695
267.4698795180723
267.8714859437751
268.2730923694779
268.6746987951807
269.07630522088357
269.47791164658634
269.87951807228916
270.281124497992
270.68273092369475
271.0843373493976
271.4859437751004
271.8875502008032
272.28915662650604
272.6907630522088
273.09236947791163
273.49397590361446
273.8955823293173
274.2971887550201
274.69879518072287
275.1004016064257
275.5020080321285
275.90361445783134
276.30522088353416
276.7068273092369
277.10843373493975
277.5100401606426
277.9116465863454
278.3132530120482
278.714859437751
279.1164658634538
279.51807228915663
279.91967871485946
280.3212851405623
280.72289156626505
281.12449799196787
281.5261044176707
281.92771084337346
282.3293172690763
282.7309236947791
283.13253012048193
283.53413654618475
283.9357429718875
284.33734939759034
284.73895582329317
285.140562248996
285.5421686746988
285.9437751004016
286.3453815261044
286.7469879518072
287.14859437751005
287.5502008032129
287.95180722891564
288.35341365461846
288.7550200803213
289.1566265060241
289.55823293172693
289.9598393574297
290.3614457831325
290.76305220883535
291.16465863453817
291.566265060241
291.96787148594376
292.3694779116466
292.7710843373494
293.1726907630522
293.57429718875505
293.9759036144578
294.37751004016064
294.77911646586347
295.18072289156623
295.58232931726906
295.9839357429719
296.3855421686747
296.7871485943775
297.1887550200803
297.5903614457831
297.99196787148594
298.39357429718876
298.7951807228916
299.19678714859435
299.5983935742972
300.0
