605.307843854058
603.6011992112324
601.8945545684068
600.1879099255812
598.4812652827555
596.7746206399298
595.0679759971042
593.3613313542786
591.654686711453
589.9480420686274
588.2413974258018
586.5347527829762
584.8281081401506
583.121463497325
581.4148188544992
579.7081742116736
578.001529568848
576.094053269763
574.1650592932215
572.23606531668
570.3070713401386
568.3780773635971
566.4490833870556
564.5200894105142
562.5910954339727
560.6621014574312
558.7331074808898
556.8041135043483
554.8751195278068
552.9461255512654
551.0171315747239
549.0881375981824
547.159143621641
545.1407498536012
543.1009001356017
541.0610504176024
539.021200699603
536.9813509816037
534.9415012636042
532.9016515456049
530.8618018276055
528.8219521096062
526.7821023916067
524.7422526736074
522.702402955608
520.6625532376086
518.6227035196092
516.5828538016099
514.5430040836105
512.6086017089693
510.71733688388383
508.82607205879833
506.93480723371283
505.04354240862733
503.1522775835419
501.2610127584564
499.3697479333709
497.4784831082854
495.5872182831999
493.6959534581144
491.8046886330289
489.9134238079434
488.0221589828579
486.1308941577724
484.2396293326869
482.5441230531367
480.97225374971396
479.40038444629124
477.8285151428685
476.2566458394458
474.6847765360231
473.1129072326004
471.54103792917766
469.96916862575495
468.39729932233223
466.8254300189095
465.2535607154868
463.6816914120641
462.10982210864137
460.53795280521865
458.96608350179594
457.58261046020937
456.3757589140942
455.1689073679791
453.96205582186394
452.7552042757488
451.5483527296336
450.3415011835185
449.13464963740336
447.92779809128825
446.7209465451731
445.51409499905793
444.30724345294277
443.1003919068276
441.8935403607125
440.68668881459735
439.47983726848224
438.40696704504137
437.5196094222265
436.6322517994116
435.74489417659674
434.8575365537818
433.97017893096694
433.08282130815206
432.1954636853372
431.3081060625223
430.42074843970744
429.53339081689256
428.64603319407763
427.75867557126276
426.8713179484479
425.983960325633
425.09660270281813
424.28726451364673
423.64176713512666
422.9962697566066
422.3507723780865
421.7052749995664
421.05977762104635
420.4142802425263
419.7687828640062
419.1232854854861
418.47778810696605
417.83229072844597
417.18679334992584
416.5412959714058
415.8957985928857
415.25030121436566
414.60480383584553
413.9943782516929
413.50419881965723
413.01401938762154
412.52383995558586
412.03366052355017
411.5434810915145
411.0533016594788
410.5631222274431
410.07294279540747
409.5827633633718
409.0925839313361
408.6024044993004
408.1122250672647
407.62204563522903
407.13186620319334
406.64168677115765
406.16030947888464
405.73834663000997
405.31638378113524
404.8944209322605
404.47245808338585
404.0504952345111
403.62853238563645
403.2065695367617
402.784606687887
402.3626438390123
401.9406809901376
401.5187181412629
401.0967552923882
400.67479244351347
400.2528295946388
399.83086674576407
399.4083403790179
398.96890847612764
398.52947657323733
398.0900446703471
397.65061276745683
397.21118086456653
396.7717489616763
396.33231705878603
395.8928851558958
395.4534532530055
395.01402135011523
394.5745894472249
394.1351575443347
393.6957256414444
393.2562937385542
392.8168618356639
392.3774299327736
391.8432255588338
391.30248515240777
390.76174474598173
390.22100433955575
389.6802639331297
389.1395235267037
388.5987831202777
388.0580427138517
387.51730230742567
386.9765619009997
386.43582149457364
385.89508108814766
385.3543406817216
384.81360027529564
384.2728598688696
383.7321194624436
383.0395167697432
382.31770979122086
381.5959028126985
380.8740958341761
380.15228885565375
379.43048187713134
378.708674898609
377.98686792008664
377.2650609415643
376.5432539630419
375.8214469845195
375.0996400059972
374.3778330274748
373.6560260489524
372.93421907043006
372.2124120919077
371.30410697339465
370.3309329366239
369.3577588998532
368.38458486308247
367.4114108263118
366.4382367895411
365.4650627527704
364.49188871599966
363.518714679229
362.54554064245826
361.5723666056876
360.59919256891686
359.62601853214613
358.65284449537546
357.67967045860473
356.706496421834
355.5364666570124
354.25816624176275
352.9798658265131
351.70156541126346
350.4232649960138
349.14496458076417
347.8666641655145
346.5883637502649
345.31006333501523
344.0317629197656
342.75346250451594
341.4751620892663
340.19686167401665
338.918561258767
337.6402608435173
336.3619604282677
334.89928351697733
333.2847671383593
331.6702507597413
330.05573438112333
328.4412180025053
326.8267016238873
325.21218524526927
323.59766886665125
321.9831524880333
320.36863610941526
318.75411973079724
317.1396033521792
315.52508697356126
313.91057059494324
312.2960542163252
310.6815378377072
308.9136227516219
306.95943780646905
305.00525286131625
303.0510679161635
301.09688297101064
299.14269802585784
297.188513080705
295.23432813555223
293.2801431903995
291.32595824524657
289.3717733000938
287.41758835494096
285.4634034097882
283.5092184646354
281.55503351948255
279.6008485743298
277.5370051414116
275.2737826398289
273.01056013824626
270.74733763666353
268.4841151350809
266.2208926334983
263.95767013191556
261.69444763033295
259.43122512875016
257.1680026271676
254.90478012558495
252.64155762400222
250.3783351224196
248.11511262083687
245.85189011925425
243.58866761767163
241.2643016970162
238.76414844652695
236.26399519603768
233.76384194554825
231.263688695059
228.76353544456958
226.26338219408032
223.76322894359106
221.26307569310163
218.76292244261236
216.26276919212296
213.7626159416337
211.26246269114444
208.762309440655
206.26215619016574
203.76200293967634
201.24220128016128
198.62022789371224
195.99825450726306
193.376281120814
190.754307734365
188.1323343479158
185.51036096146677
182.8883875750176
180.26641418856855
177.6444408021195
175.0224674156703
172.40049402922128
169.7785206427721
167.15654725632305
164.534573869874
161.91260048342482
159.29236188587842
156.69727772742002
154.10219356896175
151.50710941050352
148.9120252520451
146.31694109358688
143.7218569351286
141.1267727766702
138.53168861821197
135.93660445975357
133.3415203012953
130.74643614283707
128.15135198437866
125.55626782592043
122.96118366746202
120.36609950900376
117.77101535054553
115.35946014576083
112.95402257276542
110.54858499976987
108.14314742677445
105.73770985377904
103.33227228078349
100.92683470778806
98.52139713479264
96.1159595617971
93.71052198880167
91.30508441580612
88.8996468428107
86.49420926981529
84.08877169681972
81.68333412382431
79.27789655082876
77.16724941511782
75.10027493678236
73.03330045844677
70.9663259801113
68.89935150177573
66.83237702344026
64.76540254510479
62.6984280667692
60.631453588433736
58.56447911009827
56.49750463176268
54.43053015342722
52.36355567509163
50.296581196756165
48.2296067184207
46.16263224008512
44.697428009603044
43.40774010141147
42.11805219321997
40.828364285028464
39.53867637683688
38.24898846864538
36.959300560453805
35.6696126522623
34.3799247440708
33.090236835879224
31.800548927687718
30.510861019496215
29.221173111304637
27.931485203113134
26.64179729492156
25.352109386730056
24.457079198292575
23.749981257356982
23.04288331642143
22.335785375485838
21.628687434550283
20.921589493614732
20.21449155267914
19.507393611743584
18.80029567080799
18.09319772987244
17.38609978893689
16.679001848001292
15.971903907065741
15.264805966130188
14.557708025194595
13.850610084259042
13.343560921619831
12.980991432194696
12.618421942769562
12.255852453344405
11.893282963919269
11.530713474494114
11.168143985068978
10.805574495643842
10.443005006218687
10.080435516793553
9.717866027368396
9.35529653794326
8.992727048518127
8.63015755909297
8.267588069667834
7.905018580242699
7.629922212324067
7.448130507345741
7.266338802367405
7.084547097389079
6.902755392410753
6.720963687432416
6.53917198245409
6.3573802774757535
6.1755885724974275
5.993796867519102
5.812005162540766
5.630213457562439
5.448421752584103
5.266630047605776
5.084838342627451
4.903046637649114
4.7560407979270245
4.664112578193975
4.57218435846092
4.480256138727869
4.388327918994814
4.296399699261764
4.204471479528714
4.112543259795659
4.0206150400626095
3.9286868203295544
3.836758600596504
3.7448303808634544
3.652902161130399
3.560973941397349
3.469045721664294
3.3771175019312443
3.2982266056782565
3.251204722376532
3.2041828390748095
3.157160955773087
3.1101390724713625
3.06311718916964
3.016095305867915
2.9690734225661926
2.9220515392644706
2.8750296559627455
2.8280077726610235
2.7809858893592985
2.733964006057576
2.6869421227558536
2.639920239454129
2.5928983561524066
2.5505009721492353
2.52737233522337
2.5042436982975045
2.481115061371638
2.4579864244457723
2.434857787519907
2.41172915059404
2.388600513668175
2.3654718767423084
2.3423432398164428
2.3192146028905776
2.2960859659647106
2.2729573290388454
2.2498286921129784
2.2267000551871132
2.203571418261248
2.181780941753464
2.172479962481117
2.16317898320877
2.153878003936423
2.144577024664076
2.1352760453917288
2.125975066119382
2.116674086847035
2.1073731075746878
2.098072128302341
2.0887711490299936
2.079470169757647
2.0701691904853003
2.060868211212953
2.051567231940606
2.042266252668259
2.032965273395912
