2.0
2.3133133133133135
2.6266266266266265
2.93993993993994
3.253253253253253
3.5665665665665665
3.87987987987988
4.193193193193193
4.506506506506506
4.81981981981982
5.133133133133133
5.446446446446446
5.75975975975976
6.073073073073073
6.386386386386386
6.6996996996997
7.013013013013013
7.326326326326326
7.63963963963964
7.952952952952953
8.266266266266266
8.57957957957958
8.892892892892892
9.206206206206206
9.51951951951952
9.832832832832832
10.146146146146146
10.45945945945946
10.772772772772772
11.086086086086086
11.3993993993994
11.712712712712712
12.026026026026026
12.33933933933934
12.652652652652652
12.965965965965966
13.27927927927928
13.592592592592592
13.905905905905906
14.21921921921922
14.532532532532532
14.845845845845846
15.15915915915916
15.472472472472472
15.785785785785786
16.0990990990991
16.41241241241241
16.725725725725724
17.03903903903904
17.35235235235235
17.665665665665664
17.97897897897898
18.29229229229229
18.605605605605604
18.91891891891892
19.23223223223223
19.545545545545544
19.85885885885886
20.17217217217217
20.485485485485484
20.7987987987988
21.11211211211211
21.425425425425423
21.73873873873874
22.05205205205205
22.365365365365363
22.67867867867868
22.99199199199199
23.305305305305303
23.61861861861862
23.93193193193193
24.245245245245243
24.55855855855856
24.87187187187187
25.185185185185183
25.4984984984985
25.81181181181181
26.125125125125123
26.43843843843844
26.75175175175175
27.065065065065063
27.37837837837838
27.69169169169169
28.005005005005003
28.31831831831832
28.63163163163163
28.944944944944943
29.25825825825826
29.57157157157157
29.884884884884883
30.1981981981982
30.51151151151151
30.824824824824823
31.13813813813814
31.45145145145145
31.764764764764763
32.07807807807808
32.391391391391394
32.7047047047047
33.01801801801801
33.33133133133133
33.64464464464464
33.95795795795796
34.27127127127127
34.58458458458458
34.8978978978979
35.21121121121121
35.52452452452452
35.83783783783784
36.15115115115115
36.46446446446446
36.77777777777778
37.09109109109109
37.4044044044044
37.71771771771772
38.03103103103103
38.34434434434434
38.65765765765766
38.97097097097097
39.28428428428428
39.5975975975976
39.91091091091091
40.22422422422422
40.53753753753754
40.85085085085085
41.16416416416416
41.47747747747748
41.79079079079079
42.1041041041041
42.41741741741742
42.73073073073073
43.04404404404404
43.35735735735736
43.67067067067067
43.98398398398398
44.2972972972973
44.61061061061061
44.92392392392392
45.23723723723724
45.55055055055055
45.86386386386386
46.17717717717718
46.49049049049049
46.8038038038038
47.11711711711712
47.43043043043043
47.74374374374374
48.05705705705706
48.37037037037037
48.68368368368368
48.996996996997
49.31031031031031
49.62362362362362
49.93693693693694
50.25025025025025
50.56356356356356
50.87687687687688
51.19019019019019
51.5035035035035
51.81681681681682
52.13013013013013
52.44344344344344
52.75675675675676
53.07007007007007
53.38338338338338
53.6966966966967
54.01001001001001
54.32332332332332
54.63663663663664
54.949949949949946
55.26326326326326
55.57657657657658
55.889889889889886
56.2032032032032
56.51651651651652
56.829829829829826
57.14314314314314
57.45645645645646
57.769769769769766
58.08308308308308
58.3963963963964
58.709709709709706
59.02302302302302
59.33633633633634
59.649649649649646
59.96296296296296
60.27627627627628
60.589589589589586
60.9029029029029
61.21621621621622
61.529529529529526
61.84284284284284
62.15615615615616
62.469469469469466
62.78278278278278
63.09609609609609
63.409409409409406
63.72272272272272
64.03603603603602
64.34934934934935
64.66266266266265
64.97597597597597
65.28928928928929
65.6026026026026
65.91591591591592
66.22922922922923
66.54254254254253
66.85585585585585
67.16916916916917
67.48248248248248
67.7957957957958
68.10910910910911
68.42242242242241
68.73573573573573
69.04904904904905
69.36236236236236
69.67567567567568
69.988988988989
70.3023023023023
70.61561561561561
70.92892892892893
71.24224224224224
71.55555555555556
71.86886886886887
72.18218218218217
72.49549549549549
72.8088088088088
73.12212212212212
73.43543543543544
73.74874874874875
74.06206206206205
74.37537537537537
74.68868868868869
75.002002002002
75.31531531531532
75.62862862862863
75.94194194194193
76.25525525525525
76.56856856856857
76.88188188188188
77.1951951951952
77.50850850850851
77.82182182182181
78.13513513513513
78.44844844844845
78.76176176176176
79.07507507507508
79.38838838838839
79.7017017017017
80.01501501501501
80.32832832832833
80.64164164164164
80.95495495495496
81.26826826826827
81.58158158158157
81.89489489489489
82.2082082082082
82.52152152152152
82.83483483483484
83.14814814814814
83.46146146146145
83.77477477477477
84.08808808808809
84.4014014014014
84.71471471471472
85.02802802802802
85.34134134134133
85.65465465465465
85.96796796796797
86.28128128128128
86.5945945945946
86.9079079079079
87.22122122122121
87.53453453453453
87.84784784784785
88.16116116116116
88.47447447447448
88.78778778778778
89.1011011011011
89.41441441441441
89.72772772772772
90.04104104104104
90.35435435435436
90.66766766766766
90.98098098098097
91.29429429429429
91.6076076076076
91.92092092092092
92.23423423423424
92.54754754754754
92.86086086086085
93.17417417417417
93.48748748748748
93.8008008008008
94.11411411411412
94.42742742742742
94.74074074074073
95.05405405405405
95.36736736736736
95.68068068068068
95.993993993994
96.3073073073073
96.62062062062061
96.93393393393393
97.24724724724724
97.56056056056056
97.87387387387388
98.18718718718718
98.5005005005005
98.81381381381381
99.12712712712712
99.44044044044044
99.75375375375376
100.06706706706706
100.38038038038037
100.69369369369369
101.007007007007
101.32032032032032
101.63363363363364
101.94694694694694
102.26026026026025
102.57357357357357
102.88688688688688
103.2002002002002
103.51351351351352
103.82682682682682
104.14014014014013
104.45345345345345
104.76676676676676
105.08008008008008
105.3933933933934
105.7067067067067
106.02002002002001
106.33333333333333
106.64664664664664
106.95995995995996
107.27327327327328
107.58658658658658
107.89989989989989
108.21321321321321
108.52652652652652
108.83983983983984
109.15315315315316
109.46646646646646
109.77977977977977
110.09309309309309
110.4064064064064
110.71971971971972
111.03303303303304
111.34634634634634
111.65965965965965
111.97297297297297
112.28628628628628
112.5995995995996
112.91291291291292
113.22622622622622
113.53953953953953
113.85285285285285
114.16616616616616
114.47947947947948
114.7927927927928
115.1061061061061
115.41941941941941
115.73273273273273
116.04604604604604
116.35935935935936
116.67267267267268
116.98598598598598
117.29929929929929
117.61261261261261
117.92592592592592
118.23923923923924
118.55255255255256
118.86586586586586
119.17917917917917
119.49249249249249
119.8058058058058
120.11911911911912
120.43243243243244
120.74574574574574
121.05905905905905
121.37237237237237
121.68568568568568
121.998998998999
122.31231231231232
122.62562562562562
122.93893893893893
123.25225225225225
123.56556556556556
123.87887887887888
124.19219219219218
124.5055055055055
124.81881881881881
125.13213213213213
125.44544544544544
125.75875875875876
126.07207207207206
126.38538538538538
126.69869869869869
127.01201201201201
127.32532532532532
127.63863863863864
127.95195195195194
128.26526526526527
128.57857857857857
128.89189189189187
129.2052052052052
129.51851851851853
129.83183183183183
130.14514514514514
130.45845845845847
130.77177177177177
131.08508508508507
131.3983983983984
131.7117117117117
132.02502502502503
132.33833833833833
132.65165165165163
132.96496496496496
133.27827827827826
133.5915915915916
133.9049049049049
134.21821821821823
134.53153153153153
134.84484484484483
135.15815815815816
135.47147147147146
135.7847847847848
136.0980980980981
136.4114114114114
136.72472472472472
137.03803803803802
137.35135135135135
137.66466466466466
137.977977977978
138.2912912912913
138.6046046046046
138.91791791791792
139.23123123123122
139.54454454454455
139.85785785785785
140.17117117117115
140.48448448448448
140.79779779779778
141.11111111111111
141.42442442442442
141.73773773773775
142.05105105105105
142.36436436436435
142.67767767767768
142.99099099099098
143.3043043043043
143.6176176176176
143.9309309309309
144.24424424424424
144.55755755755754
144.87087087087087
145.18418418418418
145.4974974974975
145.8108108108108
146.1241241241241
146.43743743743744
146.75075075075074
147.06406406406407
147.37737737737737
147.69069069069067
148.004004004004
148.3173173173173
148.63063063063063
148.94394394394394
149.25725725725727
149.57057057057057
149.88388388388387
150.1971971971972
150.5105105105105
150.82382382382383
151.13713713713713
151.45045045045043
151.76376376376376
152.07707707707706
152.3903903903904
152.7037037037037
153.01701701701703
153.33033033033033
153.64364364364363
153.95695695695696
154.27027027027026
154.5835835835836
154.8968968968969
155.2102102102102
155.52352352352352
155.83683683683682
156.15015015015015
156.46346346346346
156.77677677677679
157.0900900900901
157.4034034034034
157.71671671671672
158.03003003003002
158.34334334334335
158.65665665665665
158.96996996996995
159.28328328328328
159.59659659659658
159.9099099099099
160.22322322322321
160.53653653653654
160.84984984984985
161.16316316316315
161.47647647647648
161.78978978978978
162.1031031031031
162.4164164164164
162.7297297297297
163.04304304304304
163.35635635635634
163.66966966966967
163.98298298298297
164.29629629629628
164.6096096096096
164.9229229229229
165.23623623623624
165.54954954954954
165.86286286286287
166.17617617617617
166.48948948948947
166.8028028028028
167.1161161161161
167.42942942942943
167.74274274274273
168.05605605605604
168.36936936936937
168.68268268268267
168.995995995996
169.3093093093093
169.62262262262263
169.93593593593593
170.24924924924923
170.56256256256256
170.87587587587586
171.1891891891892
171.5025025025025
171.8158158158158
172.12912912912913
172.44244244244243
172.75575575575576
173.06906906906906
173.3823823823824
173.6956956956957
174.009009009009
174.32232232232232
174.63563563563562
174.94894894894895
175.26226226226225
175.57557557557556
175.88888888888889
176.2022022022022
176.51551551551552
176.82882882882882
177.14214214214215
177.45545545545545
177.76876876876875
178.08208208208208
178.39539539539538
178.7087087087087
179.022022022022
179.33533533533532
179.64864864864865
179.96196196196195
180.27527527527528
180.58858858858858
180.9019019019019
181.2152152152152
181.5285285285285
181.84184184184184
182.15515515515514
182.46846846846847
182.78178178178177
183.09509509509508
183.4084084084084
183.7217217217217
184.03503503503504
184.34834834834834
184.66166166166167
184.97497497497497
185.28828828828827
185.6016016016016
185.9149149149149
186.22822822822823
186.54154154154153
186.85485485485484
187.16816816816817
187.48148148148147
187.7947947947948
188.1081081081081
188.42142142142143
188.73473473473473
189.04804804804803
189.36136136136136
189.67467467467466
189.987987987988
190.3013013013013
190.6146146146146
190.92792792792793
191.24124124124123
191.55455455455456
191.86786786786786
192.1811811811812
192.4944944944945
192.8078078078078
193.12112112112112
193.43443443443442
193.74774774774775
194.06106106106105
194.37437437437436
194.68768768768768
195.001001001001
195.31431431431432
195.62762762762762
195.94094094094095
196.25425425425425
196.56756756756755
196.88088088088088
197.19419419419418
197.5075075075075
197.8208208208208
198.13413413413411
198.44744744744744
198.76076076076075
199.07407407407408
199.38738738738738
199.7007007007007
200.014014014014
200.3273273273273
200.64064064064064
200.95395395395394
201.26726726726727
201.58058058058057
201.89389389389387
202.2072072072072
202.5205205205205
202.83383383383384
203.14714714714714
203.46046046046044
203.77377377377377
204.08708708708707
204.4004004004004
204.7137137137137
205.02702702702703
205.34034034034033
205.65365365365363
205.96696696696696
206.28028028028027
206.5935935935936
206.9069069069069
207.2202202202202
207.53353353353353
207.84684684684683
208.16016016016016
208.47347347347346
208.7867867867868
209.1001001001001
209.4134134134134
209.72672672672672
210.04004004004003
210.35335335335336
210.66666666666666
210.97997997997996
211.2932932932933
211.6066066066066
211.91991991991992
212.23323323323322
212.54654654654655
212.85985985985985
213.17317317317315
213.48648648648648
213.79979979979979
214.11311311311312
214.42642642642642
214.73973973973972
215.05305305305305
215.36636636636635
215.67967967967968
215.99299299299298
216.3063063063063
216.6196196196196
216.9329329329329
217.24624624624624
217.55955955955955
217.87287287287288
218.18618618618618
218.49949949949948
218.8128128128128
219.1261261261261
219.43943943943944
219.75275275275274
220.06606606606607
220.37937937937937
220.69269269269267
221.006006006006
221.3193193193193
221.63263263263264
221.94594594594594
222.25925925925924
222.57257257257257
222.88588588588587
223.1991991991992
223.5125125125125
223.82582582582583
224.13913913913913
224.45245245245243
224.76576576576576
225.07907907907907
225.3923923923924
225.7057057057057
226.019019019019
226.33233233233233
226.64564564564563
226.95895895895896
227.27227227227226
227.5855855855856
227.8988988988989
228.2122122122122
228.52552552552552
228.83883883883883
229.15215215215215
229.46546546546546
229.77877877877876
230.0920920920921
230.4054054054054
230.71871871871872
231.03203203203202
231.34534534534535
231.65865865865865
231.97197197197195
232.28528528528528
232.59859859859858
232.91191191191191
233.22522522522522
233.53853853853852
233.85185185185185
234.16516516516515
234.47847847847848
234.79179179179178
235.1051051051051
235.4184184184184
235.7317317317317
236.04504504504504
236.35835835835834
236.67167167167167
236.98498498498498
237.29829829829828
237.6116116116116
237.9249249249249
238.23823823823824
238.55155155155154
238.86486486486487
239.17817817817817
239.49149149149147
239.8048048048048
240.1181181181181
240.43143143143143
240.74474474474474
241.05805805805804
241.37137137137137
241.68468468468467
241.997997997998
242.3113113113113
242.62462462462463
242.93793793793793
243.25125125125123
243.56456456456456
243.87787787787786
244.1911911911912
244.5045045045045
244.8178178178178
245.13113113113113
245.44444444444443
245.75775775775776
246.07107107107106
246.38438438438436
246.6976976976977
247.011011011011
247.32432432432432
247.63763763763762
247.95095095095095
248.26426426426426
248.57757757757756
248.8908908908909
249.2042042042042
249.51751751751752
249.83083083083082
250.14414414414412
250.45745745745745
250.77077077077075
251.08408408408408
251.39739739739738
251.7107107107107
252.02402402402402
252.33733733733732
252.65065065065065
252.96396396396395
253.27727727727728
253.59059059059058
253.90390390390388
254.2172172172172
254.5305305305305
254.84384384384384
255.15715715715714
255.47047047047047
255.78378378378378
256.09709709709705
256.4104104104104
256.7237237237237
257.03703703703707
257.35035035035037
257.66366366366367
257.97697697697697
258.2902902902903
258.6036036036036
258.91691691691693
259.23023023023023
259.54354354354354
259.85685685685684
260.17017017017014
260.4834834834835
260.7967967967968
261.1101101101101
261.4234234234234
261.7367367367367
262.05005005005006
262.36336336336336
262.67667667667666
262.98998998998997
263.30330330330327
263.6166166166166
263.9299299299299
264.2432432432432
264.55655655655653
264.8698698698699
265.1831831831832
265.4964964964965
265.8098098098098
266.1231231231231
266.43643643643645
266.74974974974975
267.06306306306305
267.37637637637636
267.68968968968966
268.003003003003
268.3163163163163
268.6296296296296
268.9429429429429
269.2562562562562
269.5695695695696
269.8828828828829
270.1961961961962
270.5095095095095
270.8228228228228
271.13613613613614
271.44944944944945
271.76276276276275
272.07607607607605
272.3893893893894
272.7027027027027
273.016016016016
273.3293293293293
273.6426426426426
273.955955955956
274.2692692692693
274.5825825825826
274.8958958958959
275.2092092092092
275.52252252252254
275.83583583583584
276.14914914914914
276.46246246246244
276.77577577577574
277.0890890890891
277.4024024024024
277.7157157157157
278.029029029029
278.3423423423423
278.65565565565566
278.96896896896897
279.28228228228227
279.59559559559557
279.9089089089089
280.22222222222223
280.53553553553553
280.84884884884883
281.16216216216213
281.4754754754755
281.7887887887888
282.1021021021021
282.4154154154154
282.7287287287287
283.04204204204206
283.35535535535536
283.66866866866866
283.98198198198196
284.29529529529526
284.6086086086086
284.9219219219219
285.2352352352352
285.5485485485485
285.8618618618618
286.1751751751752
286.4884884884885
286.8018018018018
287.1151151151151
287.4284284284284
287.74174174174175
288.05505505505505
288.36836836836835
288.68168168168165
288.994994994995
289.3083083083083
289.6216216216216
289.9349349349349
290.2482482482482
290.5615615615616
290.8748748748749
291.1881881881882
291.5015015015015
291.8148148148148
292.12812812812814
292.44144144144144
292.75475475475474
293.06806806806804
293.38138138138135
293.6946946946947
294.008008008008
294.3213213213213
294.6346346346346
294.9479479479479
295.26126126126127
295.57457457457457
295.88788788788787
296.2012012012012
296.51451451451453
296.82782782782783
297.14114114114113
297.45445445445444
297.76776776776774
298.0810810810811
298.3943943943944
298.7077077077077
299.021021021021
299.3343343343343
299.64764764764766
299.96096096096096
300.27427427427426
300.58758758758756
300.90090090090087
301.2142142142142
301.5275275275275
301.8408408408408
302.1541541541541
302.46746746746743
302.7807807807808
303.0940940940941
303.4074074074074
303.7207207207207
304.03403403403405
304.34734734734735
304.66066066066065
304.97397397397395
305.28728728728726
305.6006006006006
305.9139139139139
306.2272272272272
306.5405405405405
306.8538538538538
307.1671671671672
307.4804804804805
307.7937937937938
308.1071071071071
308.4204204204204
308.73373373373374
309.04704704704704
309.36036036036035
309.67367367367365
309.98698698698695
310.3003003003003
310.6136136136136
310.9269269269269
311.2402402402402
311.55355355355357
311.86686686686687
312.1801801801802
312.4934934934935
312.8068068068068
313.12012012012013
313.43343343343344
313.74674674674674
314.06006006006004
314.37337337337334
314.6866866866867
315.0
